Inference for Stan model: full_6f92c84df7342b4cbfa7fbe116279bd3.
4 chains, each with iter=2000; warmup=1000; thin=1; 
post-warmup draws per chain=1000, total post-warmup draws=4000.

          mean se_mean     sd   2.5%    25%    50%    75%  97.5%  n_eff   Rhat
mu     -5.4e-3  2.0e-3   0.01  -0.02  -0.01-6.9e-3 3.5e-3   0.02     32   1.11
sigma   5.9e-3  1.7e-3 4.5e-3 1.4e-3 2.5e-3 4.8e-3 6.8e-3   0.02      7   1.81
nMean    13.75    0.05   0.65  12.59  13.28  13.69  14.19  15.11    172   1.04
nDisp     0.47  1.8e-3   0.02   0.43   0.45   0.47   0.48    0.5    117   1.03
recB[1]   0.03    0.02   0.11  -0.27 3.8e-3   0.04   0.08    0.2     39   1.09
recB[2]  -0.13    0.07   0.27  -0.97  -0.19  -0.09 9.6e-3   0.32     14    1.3
recB[3]  -0.02    0.02   0.09  -0.27  -0.05-2.6e-3   0.01   0.16     17   1.22
recB[4]   0.01    0.02   0.12  -0.19  -0.03-3.6e-3   0.02   0.45     31   1.12
recB[5]  -0.12    0.09   0.32   -1.1  -0.17  -0.07   0.02   0.42     14   1.32
recB[6]  -0.12    0.15   0.56  -1.84  -0.27  -0.05   0.19   0.87     13   1.31
recB[7]  -0.17    0.16   0.59  -1.96   -0.3  -0.12   0.14   0.91     13    1.3
recS[1]   0.89    1.08   7.71 -18.42  -2.49    1.2   5.49  17.59     51   1.06
recS[2] -15.97    4.84   12.2 -50.47 -20.34 -11.73  -7.54  -2.18      6   1.82
recS[3]  -5.23    1.21   5.77 -20.16  -7.56   -3.6   -1.1   2.15     23   1.21
recS[4]   -0.2    1.36   8.74 -17.49  -3.72  -0.44   1.75  22.72     41   1.08
recS[5]  -18.4    5.59  15.82 -62.37 -25.07 -11.91  -7.96  -2.58      8   1.68
recS[6] -36.79    9.72  24.06 -101.0 -49.24  -27.7  -20.5  -7.21      6   2.42
recS[7] -38.63   11.44  26.18 -102.2  -55.5 -29.33 -19.59  -7.75      5    2.4
recV[1]   0.05    0.01   0.03 8.1e-3   0.03   0.05   0.07   0.11      4   1.87
recV[2]   0.04  6.4e-3   0.02   0.02   0.03   0.04   0.05   0.07      6   1.39
recV[3]   0.04  4.3e-3   0.01   0.01   0.03   0.04   0.05   0.06     12    1.4
recV[4]   0.09    0.02   0.03   0.03   0.06   0.09   0.12   0.15      3   2.31
recV[5]   0.07  9.8e-3   0.03   0.02   0.05   0.07   0.09   0.12      9   1.88
recV[6]   0.06  7.7e-3   0.02   0.02   0.04   0.06   0.07    0.1      7   1.35
recV[7]   0.05  3.9e-3   0.02   0.02   0.04   0.05   0.06   0.08     17   1.27

Samples were drawn using NUTS at Thu Aug  8 08:58:24 2019.
For each parameter, n_eff is a crude measure of effective sample size,
and Rhat is the potential scale reduction factor on split chains (at 
convergence, Rhat=1).