Inference for Stan model: full_785981cbf6c68ac4d34f72b93488aa54.
4 chains, each with iter=5000; warmup=2500; thin=1; 
post-warmup draws per chain=2500, total post-warmup draws=10000.

          mean se_mean     sd   2.5%    25%    50%    75%  97.5%  n_eff   Rhat
mu       -0.45  8.8e-4   0.06  -0.56  -0.49  -0.45  -0.41  -0.33   4445    1.0
sigma     1.69  1.3e-3   0.05   1.59   1.65   1.68   1.72   1.79   1512    1.0
nMean     8.17  3.6e-3   0.42   7.35   7.89   8.15   8.43   9.03  13493    1.0
nDisp     0.38  1.4e-4   0.02   0.35   0.37   0.38    0.4   0.42  16219    1.0
recB[1]  -0.36  1.8e-4   0.02   -0.4  -0.38  -0.36  -0.35  -0.33  11069    1.0
recB[2]   -0.1  7.3e-4   0.04  -0.18  -0.12   -0.1  -0.07  -0.02   3127    1.0
recB[3]  -0.36  4.4e-4   0.03  -0.42  -0.38  -0.36  -0.34   -0.3   4730    1.0
recB[4]  -0.18  6.1e-4   0.04  -0.25  -0.21  -0.18  -0.16  -0.11   3864    1.0
recB[5]  -0.48  3.2e-4   0.03  -0.53   -0.5  -0.48  -0.47  -0.43   6353    1.0
recB[6]  -0.04  6.3e-4   0.03   -0.1  -0.06  -0.04  -0.02   0.02   2195    1.0
recB[7]  -0.08  7.6e-4   0.03  -0.14   -0.1  -0.08  -0.05-9.6e-3   2063    1.0
recS[1]   0.09  1.1e-4   0.01   0.06   0.08   0.09   0.09   0.11   9668    1.0
recS[2]   0.83  6.9e-4   0.03   0.78   0.82   0.83   0.85   0.89   1559    1.0
recS[3]   0.45  3.8e-4   0.02   0.42   0.44   0.45   0.46   0.49   2434    1.0
recS[4]   0.71  5.7e-4   0.02   0.67    0.7   0.71   0.73   0.76   1871    1.0
recS[5]   0.33  2.8e-4   0.02    0.3   0.32   0.33   0.34   0.36   3194    1.0
recS[6]   0.77  6.2e-4   0.02   0.73   0.76   0.77   0.79   0.81   1132    1.0
recS[7]   0.95  7.6e-4   0.02    0.9   0.93   0.95   0.97    1.0   1061    1.0
recV[1]   0.57  1.1e-4   0.01   0.55   0.57   0.57   0.58    0.6  13991    1.0
recV[2]   1.01  2.5e-4   0.03   0.96   0.99   1.01   1.03   1.06  10577    1.0
recV[3]   0.82  1.8e-4   0.02   0.78   0.81   0.82   0.83   0.86  12280    1.0
recV[4]    1.0  2.5e-4   0.02   0.96   0.99    1.0   1.02   1.05   9768    1.0
recV[5]   0.69  1.6e-4   0.02   0.66   0.68   0.69    0.7   0.72  11695    1.0
recV[6]   0.62  2.3e-4   0.02   0.58   0.61   0.62   0.63   0.65   6333    1.0
recV[7]    0.7  3.1e-4   0.02   0.66   0.68    0.7   0.71   0.74   4967    1.0

Samples were drawn using NUTS at Fri Oct 18 08:19:54 2019.
For each parameter, n_eff is a crude measure of effective sample size,
and Rhat is the potential scale reduction factor on split chains (at 
convergence, Rhat=1).